set I  :=  P1  P2  P3  P4  P5  P6  P7  P8  P9  P10  P11  P12  P13  P14  P15  P16  P17  P18  P19  P20  P21  P22  P23  P24  P25  P26  P27  P28  P29  P30  P31  P32  P33  P34  P35  P36  P37  P38  P39  P40  P41  P42  P43  P44  P45  P46  P47  P48  P49  P50;
set J  :=  S1  S2  S3  S4  S5  S6  S7  S8  S9  S10  S11  S12  S13  S14  S15  S16  S17  S18  S19  S20  S21  S22  S23  S24  S25;
set K  :=  S16  S25  S13  S19  S14  S1  S12  S2  S11  S23  S17  S10  S9  S22  S4;

param N := 16;

param C := 
S1  193
S2  163
S3  154
S4  147
S5  156
S6  165
S7  196
S8  154
S9  157
S10  172
S11  214
S12  112
S13  106
S14  118
S15  93
S16  81
S17  102
S18  81
S19  114
S20  87
S21  104
S22  88
S23  111
S24  82
S25  110
; 

param P := 
P1  58
P2  50
P3  46
P4  39
P5  34
P6  42
P7  33
P8  54
P9  31
P10  41
P11  30
P12  52
P13  36
P14  40
P15  28
P16  43
P17  34
P18  57
P19  31
P20  34
P21  35
P22  36
P23  46
P24  48
P25  53
P26  47
P27  58
P28  38
P29  34
P30  39
P31  30
P32  51
P33  37
P34  27
P35  36
P36  57
P37  43
P38  41
P39  49
P40  39
P41  55
P42  48
P43  58
P44  53
P45  55
P46  44
P47  51
P48  32
P49  56
P50  53
; 

param d[*,*] :  S1  S2  S3  S4  S5  S6  S7  S8  S9  S10  S11  S12  S13  S14  S15  S16  S17  S18  S19  S20  S21  S22  S23  S24  S25   :=
P1 212   256   226   407   397   324   178   231   124   184   150   128   164   287   315   205   359   121   166   110   50   170   256   169   408   
P2 405   363   264   183   262   249   464   235   339   420   344   525   315   165   194   311   116   463   453   340   489   291   319   281   195   
P3 212   161   253   78   94   44   279   109   262   234   293   363   166   158   25   294   92   393   406   230   378   162   336   190   323   
P4 130   191   333   400   362   302   60   263   238   99   277   46   184   353   322   328   388   266   311   193   177   212   384   242   509   
P5 394   404   109   419   456   388   401   265   157   381   114   383   275   217   338   74   323   176   139   211   258   247   29   198   206   
P6 380   388   90   400   438   370   389   246   145   367   103   376   259   198   319   58   304   179   145   198   256   230   12   181   195   
P7 231   186   227   87   124   77   295   96   247   249   274   371   165   126   17   270   61   380   388   222   373   156   309   175   289   
P8 216   241   138   344   349   274   212   161   37   197   75   202   118   201   250   126   282   126   149   39   123   107   182   87   321   
P9 427   454   214   519   543   470   411   346   199   405   161   360   327   326   430   166   432   117   70   249   213   308   155   266   333   
P10 400   360   248   190   267   249   457   227   325   413   329   516   306   151   192   295   114   448   437   328   475   282   302   269   178   
P11 104   155   260   341   314   247   76   191   170   74   212   100   111   278   257   259   318   226   266   120   155   137   317   167   434   
P12 174   235   382   450   408   352   101   317   284   146   321   51   238   406   374   373   442   293   341   243   199   265   428   294   560   
P13 455   430   200   313   383   345   497   271   301   459   285   529   338   169   281   235   215   396   371   327   450   306   217   273   43   
P14 241   181   413   154   77   133   310   257   401   272   439   415   278   324   191   450   245   522   544   356   482   292   497   333   486   
P15 226   257   156   369   372   297   214   187   55   204   82   191   138   226   275   137   308   105   134   63   98   131   190   113   339   
P16 317   322   30   339   372   303   331   179   93   307   65   332   194   142   254   18   248   177   160   139   231   164   63   114   198   
P17 331   364   185   459   471   397   311   278   125   307   104   260   243   287   366   142   384   22   30   164   115   230   167   197   348   
P18 288   279   47   264   303   238   319   121   120   285   120   344   163   66   183   94   171   239   231   141   273   131   128   89   177   
P19 172   214   214   367   354   282   147   194   114   145   150   124   123   260   275   203   323   154   193   82   94   133   258   140   395   
P20 81   74   234   225   200   131   135   102   183   91   226   213   55   203   144   255   214   292   319   131   250   83   311   133   378   
P21 391   418   184   485   508   434   377   311   163   370   125   331   291   296   395   136   400   90   41   213   186   272   134   231   317   
P22 196   181   134   201   220   148   239   23   133   200   163   289   81   90   108   169   139   266   275   111   264   54   218   60   263   
P23 204   253   250   417   402   330   163   244   148   174   176   103   173   306   325   231   373   142   188   128   56   183   282   187   433   
P24 342   371   170   455   471   396   325   275   122   319   94   280   246   275   362   124   376   46   21   168   138   231   145   194   327   
P25 224   272   248   430   417   345   183   255   147   194   171   118   186   311   338   226   383   125   172   134   36   194   274   193   431   
P26 299   322   117   395   413   339   293   216   66   280   35   267   194   218   303   78   317   84   80   117   145   175   118   136   289   
P27 372   379   80   390   428   360   382   237   138   360   98   371   251   188   309   50   294   180   149   191   254   222   9   172   191   
P28 366   350   102   281   338   284   402   187   200   367   188   429   245   90   222   142   178   303   283   227   351   212   140   174   93   
P29 473   449   216   327   399   362   515   290   317   477   300   547   356   188   298   249   231   410   383   344   466   324   228   290   47   
P30 370   343   153   235   301   258   415   186   242   376   238   456   256   85   194   198   133   356   341   257   394   226   202   199   108   
P31 170   164   142   225   233   159   207   44   114   170   151   254   48   122   131   169   172   244   259   81   233   19   222   46   290   
P32 107   133   207   282   266   194   123   123   132   94   177   167   43   211   194   216   252   227   258   77   182   70   274   107   373   
P33 367   375   77   387   424   356   377   233   133   355   93   367   246   185   305   45   292   177   147   186   250   217   13   167   193   
P34 483   505   235   546   578   507   472   382   247   463   204   427   375   345   461   191   452   185   137   301   281   352   158   307   315   
P35 274   255   99   212   256   195   316   93   156   278   166   357   157   17   136   146   119   284   280   161   306   126   178   102   185   
P36 488   459   249   318   393   363   534   304   348   494   334   572   375   204   300   285   228   446   421   371   498   345   267   315   88   
P37 350   349   42   339   381   316   369   196   135   342   108   374   225   135   261   54   241   214   191   179   274   193   53   145   156   
P38 259   274   81   336   354   281   266   157   23   245   28   262   144   164   244   67   259   137   140   75   169   120   124   77   263   
P39 256   235   114   196   236   174   300   73   158   261   173   346   142   29   117   159   108   288   288   155   304   113   195   96   205   
P40 287   287   21   300   333   264   308   140   85   279   78   320   162   108   215   55   212   196   188   119   236   130   101   82   199   
P41 263   219   218   94   149   111   324   110   252   279   274   396   186   109   51   263   26   385   389   234   386   171   297   181   260   
P42 434   436   129   417   464   402   449   284   206   425   167   441   310   214   345   116   316   242   204   257   322   280   60   230   152   
P43 247   250   61   288   312   240   267   115   58   239   73   282   123   116   198   80   210   186   188   80   210   93   135   43   237   
P44 357   372   98   407   437   367   360   242   118   342   73   340   241   210   321   51   316   137   106   173   215   216   51   168   234   
P45 185   245   334   445   413   349   119   293   233   153   266   14   213   373   361   321   422   231   279   199   136   235   373   256   515   
P46 187   126   320   106   48   40   259   164   310   215   347   356   192   234   102   357   168   434   454   268   402   202   404   241   402   
P47 387   392   86   390   431   365   400   244   157   377   119   393   264   186   312   67   292   202   169   208   277   234   13   185   171   
P48 218   164   273   64   75   39   287   128   281   241   313   374   181   176   44   314   102   412   425   248   394   180   356   209   338   
P49 67   116   263   308   277   212   66   170   182   43   226   130   93   264   227   270   293   257   294   129   193   124   328   163   429   
P50 388   392   85   384   427   362   403   242   161   379   124   398   265   181   308   71   286   211   178   211   284   234   21   185   162   
;

param: coordX  coordY  := 
S1   446  290
S2   440  229
S3   138  288
S4   323  38
S5   400  60
S6   367  127
S7   459  361
S8   278  215
S9   215  355
S10   437  321
S11   172  367
S12   428  464
S13   321  282
S14   181  184
S15   303  130
S16   127  335
S17   235  92
S18   186  485
S19   138  477
S20   268  340
S21   282  492
S22   289  275
S23   69  336
S24   241  287
S25   4  164
P1   301  445
P2   140  24
P3   324  116
P4   444  420
P5   58  363
P6   70  348
P7   290  119
P8   247  374
P9   69  491
P10   133  40
P11   384  374
P12   479  461
P13   22  124
P14   477  51
P15   248  400
P16   130  317
P17   168  471
P18   161  247
P19   318  405
P20   371  258
P21   97  468
P22   259  229
P23   325  455
P24   148  458
P25   310  468
P26   168  402
P27   77  341
P28   91  197
P29   5  117
P30   109  137
P31   278  259
P32   343  320
P33   82  341
P34   1  479
P35   186  201
P36   7  76
P37   96  290
P38   193  348
P39   207  197
P40   159  290
P41   258  106
P42   12  316
P43   199  299
P44   99  378
P45   417  473
P46   403  108
P47   60  326
P48   337  101
P49   397  337
P50   58  317
;